1 4
10 4
39 4
52 4
61 4
62 4
86 4
111 4
117 4
126 4
168 4
171 4
173 4
196 4
228 4
257 4
262 4
271 4
279 4
282 4
314 4
315 4
322 4
326 4
334 4
353 4
368 4
379 4
418 4
452 4
456 4
476 4
479 4
482 4
509 4
521 4
532 4
549 4
567 4
568 4
569 4
577 4
587 4
609 4
610 4
620 4
647 4
656 4
687 4
693 4
697 4
701 4
740 4
755 4
767 4
773 4
774 4
792 4
811 4
851 4
870 4
880 4
895 4
908 4
921 4
946 4
957 4
167 6
170 6
172 6
256 6
270 6
278 6
352 6
367 6
378 6
417 6
478 6
548 6
567 6
576 6
655 6
686 6
754 6
810 6
907 6
255 8
366 8
477 8
547 8
566 8
809 8
906 8
476 10
546 10
808 10
475 12
