990
146 78
115 479
349 752
507 486
558 696
161 163
263 700
207 344
530 1
250 562
134 526
278 433
315 743
54 242
959 393
848 40
707 618
285 207
97 28
46 577
82 76
679 601
142 49
528 284
364 314
29 336
41 160
418 208
587 143
290 410
525 277
64 660
824 576
715 498
883 390
311 681
209 153
380 192
739 853
970 61
854 530
142 162
183 185
107 233
708 312
971 757
231 315
536 631
672 111
836 665
140 181
10 561
919 816
1 773
668 258
102 575
942 335
131 2
777 284
431 352
6 20
33 15
596 87
297 122
227 274
180 5
895 854
584 464
17 24
3 615
129 170
277 117
90 114
180 363
550 758
385 670
140 553
210 214
620 788
784 768
52 493
308 706
52 926
248 92
802 958
739 528
748 363
830 980
620 704
1 2
828 422
39 91
65 737
95 795
215 212
32 9
277 790
987 134
120 299
314 880
719 799
416 118
79 71
372 24
123 114
713 241
531 602
146 830
820 776
253 241
983 315
11 18
554 767
607 368
339 184
272 536
48 576
355 498
482 201
471 974
225 485
123 196
986 710
411 164
77 17
674 889
304 44
434 794
9 221
597 211
32 51
343 341
119 129
267 327
44 120
839 909
184 179
716 797
37 689
13 40
377 136
950 476
27 284
112 15
938 537
5 283
130 227
687 413
46 751
484 645
18 452
691 688
127 324
917 196
199 114
568 308
40 451
770 443
17 152
814 535
807 302
125 514
304 522
484 234
404 488
204 385
818 475
583 193
864 732
712 879
362 384
449 269
257 104
318 382
570 556
303 955
652 297
269 266
911 859
265 1
306 60
53 294
471 733
581 846
688 169
290 86
473 240
218 293
320 102
58 164
128 12
676 401
592 870
286 648
765 822
2 534
573 241
168 841
9 515
312 495
642 8
23 189
390 882
787 159
191 98
78 116
545 572
126 238
71 42
693 297
279 119
157 183
224 80
101 458
502 439
695 878
296 353
1 30
350 692
216 90
81 39
6 15
163 624
82 110
264 78
121 103
107 542
357 821
466 337
454 887
187 281
5 37
32 118
183 429
659 862
20 56
546 912
442 378
325 509
580 947
45 53
166 167
843 621
345 483
19 62
956 498
319 346
3 7
207 77
73 677
23 15
464 703
108 71
732 346
340 605
275 599
223 494
644 811
452 477
117 88
512 431
8 21
417 326
25 13
859 509
261 964
547 222
11 12
659 410
29 28
281 394
117 741
67 241
283 655
563 481
611 572
61 64
310 22
518 292
147 17
943 108
22 14
501 705
459 486
71 402
101 467
896 851
636 621
198 43
404 519
669 355
72 80
300 574
168 888
234 28
117 308
2 19
653 287
342 968
910 475
540 45
803 706
57 19
921 965
126 901
738 308
369 884
50 318
249 825
673 632
47 55
29 260
462 635
83 720
32 438
174 36
933 570
81 171
37 711
6 3
94 141
44 220
424 103
400 629
551 756
137 91
343 623
637 581
126 101
61 66
192 678
58 906
405 589
41 14
231 360
54 166
583 728
570 763
54 30
337 948
34 31
15 139
223 162
710 747
804 147
978 79
981 192
302 167
7 612
4 9
701 662
779 426
271 931
347 3
352 177
44 31
744 81
340 30
922 868
89 54
65 208
328 610
676 754
211 869
935 300
422 634
200 499
45 927
368 123
921 945
721 753
524 374
75 200
322 310
606 918
74 204
337 322
387 243
504 954
4 11
585 567
13 330
326 249
129 391
217 321
50 158
164 376
313 230
903 816
313 334
481 354
46 32
349 294
897 904
4 278
470 718
31 202
702 89
236 699
447 28
5 341
796 388
291 826
647 434
829 627
37 898
578 12
179 165
566 11
834 865
905 907
457 430
240 247
835 92
360 852
52 67
179 608
70 32
115 53
297 446
805 578
192 63
644 891
601 239
230 224
571 193
65 42
419 236
127 52
125 60
169 162
42 157
307 268
250 316
508 760
1 93
401 246
201 503
332 268
564 772
27 1
28 47
665 656
434 397
461 617
86 159
440 215
114 554
288 272
559 104
1 4
848 857
703 844
220 806
267 230
149 633
718 875
908 949
556 893
252 338
47 84
156 138
201 14
93 432
248 863
798 647
686 111
510 51
4 792
734 311
833 574
38 61
369 902
925 749
423 298
151 20
238 667
53 742
218 202
939 644
43 75
632 355
198 217
16 59
588 953
141 205
3 916
640 232
276 70
483 604
113 305
849 568
383 180
322 373
766 339
49 7
188 35
173 125
266 76
278 666
815 699
25 175
578 885
651 838
161 543
122 12
86 34
13 7
894 738
684 189
102 54
726 573
45 793
714 557
549 977
831 617
802 692
621 454
119 148
219 74
711 984
362 261
674 529
101 361
476 244
36 22
520 643
243 238
768 97
275 97
92 59
478 149
464 364
149 778
437 521
472 289
161 16
268 520
206 453
172 142
206 470
231 69
421 344
866 350
345 873
84 298
233 905
57 436
29 226
28 14
731 576
728 817
222 249
101 143
606 262
847 801
261 529
468 198
487 477
566 690
508 58
730 2
133 24
422 567
162 463
44 50
666 717
658 290
727 495
750 543
13 471
516 598
580 591
153 116
439 381
258 709
357 302
107 136
330 427
662 940
250 317
356 161
89 366
15 620
101 140
808 858
26 101
324 399
347 405
454 37
232 200
329 375
73 47
153 426
871 266
840 372
124 61
93 211
464 963
58 63
460 698
834 807
504 173
53 98
851 155
537 32
972 294
229 15
115 403
350 139
982 62
229 881
742 810
498 813
430 244
595 370
474 210
182 71
944 969
649 23
74 155
582 555
61 527
228 93
622 392
407 384
678 952
924 908
325 279
379 248
657 167
332 420
220 222
421 541
823 363
839 214
162 872
861 207
78 65
396 39
75 113
43 33
270 211
176 675
614 979
412 22
435 497
897 370
90 22
680 518
261 913
7 38
259 155
213 258
14 8
708 900
496 351
10 506
221 801
10 17
119 25
19 650
368 393
225 62
628 962
16 492
538 325
409 300
22 445
531 523
558 128
850 766
695 724
91 552
923 919
8 435
646 555
786 309
721 61
35 15
951 168
917 929
27 88
49 462
961 418
195 126
578 644
268 154
505 8
131 944
782 503
886 383
31 24
103 26
585 976
246 556
224 244
338 594
390 638
24 735
85 769
109 66
303 267
946 528
190 210
297 736
16 323
55 261
745 736
892 325
309 208
354 308
82 855
415 293
37 176
441 716
269 932
30 203
154 120
404 532
89 408
406 283
252 765
749 397
242 374
644 710
683 672
110 319
588 384
443 161
806 941
13 235
45 111
663 68
256 967
551 13
59 860
39 69
114 381
370 367
579 899
331 38
856 822
685 117
4 8
272 600
511 299
115 287
280 395
564 356
574 603
95 86
616 436
410 746
292 119
280 208
560 120
312 252
712 247
662 252
72 286
290 581
386 327
301 50
63 83
619 565
190 764
156 398
514 639
348 148
25 197
302 937
249 469
613 874
211 212
83 177
908 367
512 845
466 546
513 241
966 51
132 444
256 697
842 653
49 311
85 630
296 455
442 812
252 110
565 119
389 163
370 960
555 33
236 73
237 166
915 245
765 785
586 628
240 156
920 785
96 18
422 247
465 440
498 957
480 439
5 2
549 227
747 921
195 816
239 230
342 287
100 761
491 232
930 406
23 213
586 110
651 92
664 153
178 99
12 76
868 629
469 626
347 890
63 580
618 518
460 351
2 3
132 150
42 29
400 197
100 37
799 832
973 208
156 390
361 579
85 52
60 3
325 351
14 371
58 5
134 60
139 413
220 936
781 55
397 74
10 8
657 719
291 121
139 475
195 300
255 16
757 321
380 593
14 72
934 900
612 827
132 4
569 41
243 523
359 661
428 113
26 19
544 613
755 775
928 598
317 789
877 401
165 39
54 545
450 166
7 94
533 404
401 988
15 138
576 771
459 9
774 420
714 776
282 132
145 133
52 17
163 206
985 175
153 695
191 614
272 128
187 141
388 48
48 74
256 111
557 295
262 501
149 137
791 558
112 190
48 26
517 550
152 250
7 296
456 876
212 489
627 131
663 722
441 641
37 819
314 71
725 78
333 136
762 99
365 246
55 144
31 45
176 262
990 785
108 808
254 186
569 759
186 6
58 99
93 106
104 61
185 609
37 251
590 290
329 202
168 22
91 130
544 394
517 386
369 461
535 185
989 306
392 47
71 404
369 315
425 40
592 492
780 761
219 490
437 214
516 407
448 279
225 539
617 837
79 271
729 253
119 273
28 367
83 263
39 35
135 39
89 295
548 490
