879
22 28
153 27
67 130
243 73
182 688
183 133
114 584
167 66
99 67
31 132
38 8
613 88
631 617
102 78
810 4
43 6
119 29
654 665
142 156
267 200
58 123
30 22
422 39
12 201
337 130
638 554
7 595
572 235
356 667
686 405
240 745
171 23
774 165
216 37
426 8
576 237
325 443
266 278
118 258
201 230
510 460
806 693
346 434
643 51
82 55
867 431
80 24
783 52
741 590
3 9
322 701
120 214
380 125
105 481
31 429
111 99
184 70
486 647
39 6
145 102
819 205
9 57
172 395
286 3
196 58
36 15
18 390
274 283
483 744
177 49
544 241
412 697
50 181
425 255
314 275
23 71
302 785
339 40
184 300
497 566
470 316
139 336
246 196
497 616
460 637
153 163
780 86
485 165
231 99
179 847
113 559
433 364
40 101
255 767
249 97
86 209
161 696
218 179
284 306
680 346
59 93
563 615
436 341
584 612
641 617
521 164
447 306
181 358
736 178
728 816
67 226
649 321
362 266
167 257
621 567
763 498
110 204
42 32
781 97
558 708
815 75
407 135
452 197
283 875
114 471
214 858
319 222
112 40
423 315
658 699
156 496
217 222
573 92
29 77
259 275
254 158
824 147
484 790
68 173
757 642
798 237
672 160
802 10
10 8
636 19
549 648
367 322
207 381
136 115
541 646
459 236
466 804
491 749
651 132
668 265
794 552
260 342
248 241
520 469
179 302
793 370
305 162
352 61
698 765
56 438
35 48
66 90
26 384
367 411
75 19
511 380
416 180
228 290
477 865
432 259
150 671
26 62
219 136
250 243
682 16
88 12
415 707
176 402
146 112
597 851
59 208
85 541
677 435
335 328
141 105
259 535
151 409
611 515
138 247
555 411
207 479
54 476
543 377
272 298
570 742
548 293
6 170
66 9
333 354
772 303
310 474
20 752
324 148
537 59
750 90
648 720
139 556
15 5
803 385
509 170
54 420
727 544
842 442
160 199
494 554
18 14
249 593
378 110
582 709
41 50
800 74
386 607
115 58
398 178
809 529
532 172
833 615
61 575
10 19
435 856
47 435
451 6
79 187
78 107
214 215
241 355
67 139
455 40
635 76
714 777
482 443
872 407
490 852
270 719
457 192
219 567
353 155
316 272
410 674
167 446
10 155
627 65
120 747
113 565
175 72
344 192
236 244
28 138
813 63
86 43
237 219
540 15
327 458
46 345
729 484
494 443
817 248
100 617
730 577
98 80
728 253
236 505
205 694
592 274
90 94
63 76
738 784
30 151
377 215
203 10
196 349
97 78
820 165
73 79
823 166
272 396
176 732
586 797
652 559
304 104
717 522
24 570
210 201
8 35
52 849
144 279
279 280
25 194
508 167
392 828
419 173
373 427
281 18
215 322
402 507
465 683
689 327
368 355
96 221
28 558
229 618
131 119
839 652
59 129
73 29
76 282
8 63
624 432
64 8
460 424
41 251
421 162
279 669
106 879
10 20
16 154
655 348
171 296
225 397
864 561
11 16
488 186
229 101
343 169
644 376
252 145
47 59
733 569
6 2
724 486
853 752
333 218
515 154
38 464
32 291
444 525
29 2
217 210
832 114
706 651
727 770
233 442
239 214
89 466
170 392
10 14
65 591
277 154
531 632
670 69
198 29
792 41
328 456
23 2
654 874
14 713
10 366
77 808
31 109
472 177
104 97
111 289
521 663
289 549
54 105
186 327
99 365
200 737
629 65
599 23
109 403
147 693
44 506
471 827
389 290
133 626
163 633
485 560
408 187
372 166
346 328
619 37
90 825
679 738
445 79
443 564
821 377
575 731
62 550
440 642
38 178
236 321
547 52
312 208
5 2
11 13
740 173
193 31
868 828
526 410
247 287
183 269
65 563
471 692
179 309
545 391
87 687
12 17
263 285
307 661
96 185
500 762
546 486
4 24
503 6
522 133
223 210
482 574
7 2
632 748
245 47
756 830
204 373
388 177
157 722
229 469
33 41
340 295
328 8
51 144
46 179
14 69
262 261
37 150
12 7
807 22
91 351
126 117
1 2
704 775
240 190
45 142
424 43
204 311
72 18
7 46
600 721
13 95
274 634
6 45
305 776
255 87
818 183
223 338
133 801
135 394
26 24
92 861
814 167
643 659
232 735
39 44
104 399
873 870
293 332
698 367
662 347
270 67
206 6
356 383
227 223
139 391
480 120
410 561
192 115
122 98
725 217
786 88
53 60
152 10
356 65
3 1
304 656
640 279
87 92
56 40
878 466
533 844
301 115
126 359
141 876
45 374
74 490
862 471
68 67
347 209
714 428
691 525
18 25
314 761
845 379
140 66
188 259
436 551
150 165
114 401
214 268
272 410
840 164
501 536
180 413
553 391
202 19
431 279
317 308
254 326
11 3
63 330
741 857
855 94
451 812
116 83
22 169
360 162
548 569
454 443
350 489
442 859
530 312
325 169
501 450
40 37
151 628
124 78
23 87
877 5
131 653
598 379
180 130
273 463
524 363
117 225
67 27
420 690
103 493
58 197
242 234
527 159
325 448
666 199
179 310
58 25
215 778
114 66
746 285
64 96
447 449
261 151
385 135
305 600
331 110
54 7
30 444
585 216
228 516
2 4
103 1
320 568
276 303
414 277
159 108
14 755
53 477
200 75
376 379
288 805
498 423
27 20
8 519
513 614
168 144
19 188
224 264
57 108
606 120
130 461
260 232
158 478
846 685
140 320
650 534
83 232
49 176
233 625
838 150
564 712
371 356
26 89
233 69
473 254
293 54
110 499
702 587
777 850
212 94
85 58
831 406
334 271
491 407
848 475
295 539
132 586
4 110
404 788
94 127
8 605
220 155
207 265
19 439
594 441
495 267
237 504
326 726
184 363
118 106
180 211
272 206
465 432
161 49
527 703
182 61
307 866
135 77
495 710
438 513
8 863
274 26
39 106
760 841
122 658
226 241
588 347
711 689
35 500
334 375
51 38
100 18
222 587
55 38
497 48
440 141
643 676
350 169
484 16
406 35
387 154
452 562
26 53
799 860
22 14
596 5
382 274
78 72
227 870
220 681
235 89
20 47
376 107
369 811
187 400
295 529
136 768
218 704
113 55
602 622
522 716
711 754
536 751
340 579
389 502
71 678
119 437
412 60
581 344
578 296
38 74
148 263
5 623
597 132
229 238
19 133
826 209
192 483
27 441
81 41
24 329
795 746
295 176
548 869
120 87
6 8
162 475
771 507
468 352
462 86
759 426
21 18
601 275
271 20
602 432
377 415
236 204
796 560
369 189
81 393
69 822
364 267
630 512
679 320
563 787
743 375
517 215
645 315
195 26
43 450
297 135
143 81
179 835
44 207
760 676
268 453
120 639
174 107
753 547
172 87
313 302
189 370
61 16
70 69
164 36
151 528
589 425
764 183
190 115
190 386
486 456
7 65
531 342
159 189
761 854
675 258
27 228
871 539
212 766
604 453
512 154
404 367
19 213
40 148
149 60
364 405
718 699
583 437
46 52
125 1
125 758
580 412
19 34
298 341
542 3
715 141
66 609
371 428
433 756
559 734
256 16
132 137
608 341
83 44
45 134
198 654
244 799
220 307
315 43
331 552
426 837
117 16
147 582
781 829
723 563
643 791
327 361
562 664
836 756
705 700
686 739
247 357
